#x,y,z,qx,qy,qz,qw
gp_T_hand:     [ 0.0155,  -0.1939,  -0.0178,   0.0,  0.0,   1.0,     0.0]
gp_T_palm:     [ 0.0173,  -0.0587,  -0.0061,   0.0,  0.0,   0.7071,  0.7071]
hand_T_palm:   [-0.00179, -0.13516,  0.01176,  0.0,  0.0,  -0.7071,  0.7071]
hand_T_marker: [ 0.01821, -0.23516,  0.01176,  0.0,  0.0,   0.173,   0.984]
